ДАТА,Газовый_фактор_(м3_в_м3)_ID_7062,pH_водородный_показатель_ID_2201,Кальций-ион_Ca++_(грамм_в_литре)_ID_2405,Хлорид_Cl-_(грамм_в_литре)_ID_2301,Гидрокарбонат_HCO3-_(грамм_в_литре)_ID_2303,Калий_ион_K+_(грамм_в_литре)_ID_2402,Магний-ион_Mg++_(грамм_в_литре)_ID_2404,Натрий-ион_Na+_(грамм_в_литре)_ID_2401,Сумма_катионов_Na+_и_K+_(грамм_в_литре)_ID_2403,Сульфат_SO4--_(грамм_в_литре)_ID_2302,Сухой_остаток_эксперимент__(грамм_в_литре)_ID_2206,Минерализация_(грамм_в_литре)_ID_2208,Напор вычисленный МИНИМАЛЬНЫЙ СУТОЧНЫЙ аппаратура АО,Двуокись_CO2_РАСТВОРЕННАЯ_(грамм_в_литре)_СБОРНАЯ,Температура_(SOLINST)_СРЕД_СУТ_(Градус_С)_ID_7076,Температура_СРЕД_СУТ_(ЕЗМВ)_dt_(Градус_С)_ID_7590,Температура_при_отборе_пробы_(Градус_С)_ID_7012,P_атмосферы_(SOLINST)_СРЕД_СУТ_(Кпа)_ID_7110
2009-02-10,23.993000030517578,6.650000095367432,0.9017999768257141,0.8156999945640564,3.856300115585327,,0.23469999432563782,,0.9569000005722046,0.9545000195503235,6.039999961853027,7.7692999839782715,,0.8452000021934509,,,43.29999923706055,
2009-03-25,21.76799964904785,,,0.8342000246047974,3.8292999267578125,,,,,0.9171000123023987,6.01800012588501,,,0.9571999907493591,,,42.79999923706055,
2009-04-17,22.899999618530273,6.789999961853027,0.9980000257492065,0.8690000176429749,3.8714001178741455,,0.21889999508857727,,0.9028000235557556,0.917900025844574,6.079999923706055,7.86329984664917,,1.569700002670288,,,41.70000076293945,
2009-04-29,28.93000030517578,,,0.8690000176429749,3.9221999645233154,,,,,0.9125000238418579,6.01200008392334,,,1.2359000444412231,,,42.70000076293945,
2009-05-13,23.80699920654297,6.789999961853027,0.9659000039100647,0.8690000176429749,3.8785998821258545,,0.2493000030517578,,0.8819000124931335,0.9117000102996826,6.0960001945495605,7.824900150299072,,0.9578999876976013,,,41.0,
2009-06-10,23.325000762939453,,,0.8690000176429749,3.9658000469207764,,,,,0.9075999855995178,6.038000106811523,,,0.879800021648407,,,43.0,
2009-06-30,24.954999923706055,6.75,0.9900000095367432,0.8684999942779541,3.9221999645233154,,0.19460000097751617,,0.9649999737739563,0.8931999802589417,6.041999816894531,7.9096999168396,,1.5586999654769897,,,43.0,
2009-08-12,26.107999801635742,6.639999866485596,1.000499963760376,0.8338000178337097,3.8631999492645264,,0.24320000410079956,,0.8335000276565552,0.9294000267982483,5.946000099182129,7.8069000244140625,,1.1751999855041504,,,42.0,
2009-08-25,22.756999969482422,6.659999847412109,1.0405000448226929,0.8547999858856201,3.8631999492645264,,0.24320000410079956,,0.786300003528595,0.8981000185012817,6.007999897003174,7.783400058746338,,0.9222000241279602,,,42.5,
2009-10-21,27.116500854492188,,,0.8722000122070312,3.8631999492645264,,,,,0.8885999917984009,5.99399995803833,,,0.7300000190734863,,,39.5,
2009-11-18,20.56800079345703,,,0.8374000191688538,3.8503000736236572,,,,,0.8914999961853027,6.001999855041504,,,0.814300000667572,,,39.29999923706055,
2010-01-20,22.625999450683594,,,0.8623999953269958,3.8292999267578125,,,,,0.8952000141143799,6.110000133514404,,,1.1210999488830566,,,26.200000762939453,
2010-02-17,22.530000686645508,,,0.8447999954223633,3.8561999797821045,,,,,0.8880000114440918,6.144000053405762,,,0.9383999705314636,,,24.399999618530273,
2010-03-17,24.273000717163086,,,0.8447999954223633,3.899899959564209,,,,,0.8640000224113464,6.0980000495910645,,,1.4572999477386475,,,25.0,
2010-04-20,25.05500030517578,,,0.8447999954223633,3.8561999797821045,,,,,0.9599999785423279,6.130000114440918,,,1.1687999963760376,,,35.20000076293945,
2010-05-26,25.9689998626709,,,0.8447999954223633,3.8661999702453613,,,,,0.9359999895095825,6.044000148773193,,,1.280500054359436,,,25.799999237060547,
2010-06-23,22.766000747680664,,,0.8623999953269958,3.8661999702453613,,,,,0.9120000004768372,6.034999847412109,,,1.2670999765396118,,,26.5,
2010-07-07,23.996999740600586,,,0.8859000205993652,3.8977999687194824,,,,,0.892799973487854,6.168000221252441,,,1.198099970817566,,,24.799999237060547,
2010-09-22,30.15399932861328,,,0.8684999942779541,3.865799903869629,,,,,0.9117000102996826,5.995999813079834,,,1.0952999591827393,,,39.20000076293945,
2010-10-20,21.716999053955078,,,0.8623999953269958,3.8766000270843506,,,,,0.9223999977111816,6.070000171661377,,,1.0822999477386475,,,32.599998474121094,
2010-11-18,20.07699966430664,,,0.8547999858856201,3.8766000270843506,,,,,0.8998000025749207,6.127999782562256,,,0.8930000066757202,,,35.599998474121094,
2010-12-09,21.756999969482422,6.769999980926514,1.0164999961853027,0.8547999858856201,3.8766000270843506,,0.20190000534057617,,0.9107999801635742,0.9269000291824341,6.081999778747559,7.871500015258789,,0.9422000050544739,,,34.5,
2012-01-18,24.042999267578125,,,0.866100013256073,3.8782999515533447,,,,,0.8841000199317932,6.007999897003174,,,0.5788000226020813,,,20.799999237060547,
2012-02-16,20.284000396728516,,,0.8483999967575073,3.8636999130249023,,,,,0.8747000098228455,6.107999801635742,,,0.7954999804496765,,,20.399999618530273,
2012-03-29,20.937999725341797,,,0.866100013256073,3.8717000484466553,,,,,0.8799999952316284,6.053999900817871,,,0.79339998960495,,,22.5,
2012-04-19,20.93899917602539,,,0.866100013256073,3.8868000507354736,,,,,0.8574000000953674,6.125999927520752,,,0.7612000107765198,,,24.200000762939453,
2012-05-17,16.99799919128418,,,0.8838000297546387,3.8766000270843506,,,,,0.8454999923706055,6.111999988555908,,,0.6295999884605408,,,33.599998474121094,
2012-08-15,17.426000595092773,,,0.8532000184059143,3.8027000427246094,,,,,0.9085999727249146,6.047999858856201,,,0.6105999946594238,,,35.79999923706055,
2012-09-20,25.458999633789062,,,0.8888000249862671,3.919600009918213,,,,,0.9101999998092651,6.064000129699707,,,0.9157000184059143,,,33.79999923706055,
2012-12-13,24.979999542236328,,,0.8684999942779541,3.888700008392334,,,,,0.8938000202178955,6.144000053405762,,,0.4724000096321106,,,25.0,
2013-01-17,27.707000732421875,6.78000020980835,1.0461000204086304,0.8511000275611877,3.904099941253662,,0.21160000562667847,,0.8424999713897705,0.8769000172615051,6.041999816894531,7.744699954986572,,0.6794000267982483,,,25.200000762939453,
2013-04-18,23.986000061035156,,,0.8489999771118164,3.897900104522705,,,,,0.8863999843597412,5.973999977111816,,,0.8784000277519226,,,24.799999237060547,
2013-11-21,23.868000030517578,,,0.8256999850273132,4.00029993057251,,,,,0.9262999892234802,6.125999927520752,,,0.5044000148773193,,,30.200000762939453,
2014-02-13,22.12700080871582,,,0.8723000288009644,3.9072999954223633,,,,,0.8834999799728394,6.081999778747559,,,0.7430999875068665,,,29.0,
2014-03-20,22.43600082397461,,,0.8723000288009644,3.902600049972534,,,,,0.8974999785423279,6.085999965667725,,,0.5896999835968018,,,30.399999618530273,
2014-04-17,23.09000015258789,,,0.887499988079071,3.91759991645813,,,,,0.861299991607666,6.078000068664551,,,0.5648999810218811,,,36.0,
2014-11-27,25.88599967956543,,,0.8723999857902527,3.938499927520752,,,,,0.8707000017166138,6.196000099182129,,,0.5807999968528748,,,36.5,
2015-02-12,25.041000366210938,,,0.9150000214576721,3.8910000324249268,,,,,0.9448000192642212,6.01200008392334,,,0.49230000376701355,,,30.0,
2015-03-19,22.63599967956543,,,0.9150000214576721,3.911600112915039,,,,,0.9441999793052673,5.946000099182129,,,0.4171999990940094,,,35.20000076293945,
2015-07-29,27.57699966430664,,,0.8511000275611877,,,,,,,,,,1.8091071503502982,,,,
2015-10-08,24.570999145507812,6.769999980926514,1.142300009727478,0.8500000238418579,3.912899971008301,,0.25839999318122864,,0.6686000227928162,0.923799991607666,5.923999786376953,7.7677001953125,,0.8276000022888184,,,37.5,
2015-11-25,26.604999542236328,,,0.9042999744415283,3.91510009765625,,,,,0.9301000237464905,5.984000205993652,,,0.9678000211715698,,,32.0,
2016-06-23,22.281999588012695,,,0.8669000267982483,3.9416000843048096,,,,,0.883400022983551,5.935999870300293,,,0.6664000153541565,,,38.0,
2016-07-28,23.917999267578125,,,0.8756999969482422,3.8238000869750977,,,,,0.9193000197410583,6.0279998779296875,,,0.5785999894142151,,,35.79999923706055,
2016-08-25,26.988000869750977,,,0.8111000061035156,3.887399911880493,,,,,0.9294999837875366,6.007999897003174,,,0.40849998593330383,,,37.099998474121094,
2016-09-15,24.979999542236328,,,0.8355000019073486,3.862600088119507,,,,,0.9211000204086304,5.9720001220703125,,,0.6187000274658203,,,32.20000076293945,
2016-12-22,22.631000518798828,,,0.8967000246047974,3.8445000648498535,,,,,0.977400004863739,5.940000057220459,,,1.0503000020980835,,,23.0,
2017-02-16,22.70199966430664,,,0.8697999715805054,3.8424999713897705,,,,,0.9399999976158142,5.776000022888184,,,0.9172000288963318,,,32.599998474121094,
2017-12-13,24.312999725341797,,,0.8382999897003174,3.894700050354004,,,,,0.9283000230789185,5.943999767303467,,,0.6035000085830688,,,34.5,
2018-02-21,25.889999389648438,,,0.8935999870300293,3.9030001163482666,,,,,0.9208999872207642,6.0320000648498535,,,0.9097999930381775,,,30.700000762939453,
2018-03-14,22.516000747680664,,,0.8575000166893005,3.8399999141693115,,,,,0.9406999945640564,5.955999851226807,,,0.890500009059906,,,35.0,
2018-05-16,27.03700065612793,,,0.8546000123023987,3.936300039291382,,,,,0.9308000206947327,5.960000038146973,,,0.8246999979019165,,,36.70000076293945,
2018-06-27,28.281999588012695,,,0.8665000200271606,3.923099994659424,,,,,0.9366000294685364,6.079999923706055,,,0.7218000292778015,,,36.5,
2018-07-25,24.506000518798828,,,0.858299970626831,3.870300054550171,,,,,0.9045000076293945,6.0,,,0.8529999852180481,,,37.0,
2018-08-22,25.517000198364258,,,0.8794999718666077,3.8345000743865967,,,,,0.9595999717712402,6.0,,,0.6468999981880188,,,35.400001525878906,
2018-09-05,24.972999572753906,6.239999771118164,1.0716999769210815,0.8616999983787537,3.8029000759124756,,0.1696999967098236,,0.8822000026702881,0.9208999872207642,6.007999897003174,7.722899913787842,,0.7753999829292297,,,25.5,
2018-10-25,27.125999450683594,,,0.8565999865531921,3.876800060272217,,,,,0.9168000221252441,6.015999794006348,,,0.6922000050544739,,,35.5,
2018-11-14,25.94099998474121,,,0.9097999930381775,3.8752999305725098,,,,,0.9275000095367432,5.964000225067139,,,0.4221999943256378,,,34.5,
2019-01-16,26.304000854492188,,,0.9027000069618225,3.802000045776367,,,,,,,,,0.9696000218391418,,,24.0,
2019-02-13,23.687000274658203,,,0.8820000290870667,3.8494999408721924,,,,,0.9151999950408936,5.952000141143799,,,0.6786999702453613,,,34.0,
2019-03-21,24.392000198364258,,,0.878600001335144,3.848900079727173,,,,,0.9143999814987183,5.920000076293945,,,0.5123999714851379,,,36.79999923706055,
2019-05-29,31.590999603271484,,,0.887499988079071,3.759200096130371,,,,,0.9147999882698059,5.863999843597412,,,0.8547000288963318,,,33.400001525878906,
2019-06-28,21.631000518798828,,,0.885699987411499,3.7346999645233154,,,,,0.9169999957084656,5.923999786376953,,,0.9143000245094299,,,33.79999923706055,93.71644592285156
2019-07-16,24.985000610351562,,,0.9083999991416931,3.6749000549316406,,,,,0.9373999834060669,6.039999961853027,,,0.8199999928474426,,,32.20000076293945,93.82941436767578
2019-08-15,29.93400001525879,,,0.8565000295639038,3.8887999057769775,,,,,0.9366000294685364,5.964000225067139,,,0.8784000277519226,,,36.099998474121094,94.16394805908203
2019-09-05,27.599000930786133,6.539999961853027,1.0276000499725342,0.8671000003814697,3.898400068283081,,0.2045000046491623,,0.9068999886512756,0.9218000173568726,5.960000038146973,7.834499835968018,823.551001586914,0.8799999952316284,23.71991729736328,,30.899999618530273,94.33250427246094
2019-10-17,25.559999465942383,,,0.8902000188827515,3.797300100326538,,,,,0.9613000154495239,6.0279998779296875,,823.7320013427734,0.669700026512146,17.22335433959961,,33.29999923706055,95.08076477050781
2019-11-14,25.934999465942383,,,0.8652999997138977,3.8454999923706055,,,,,0.9348999857902527,5.920000076293945,,823.2159948730468,0.7590000033378601,11.273492813110352,,36.20000076293945,95.4291763305664
2019-11-28,24.5049991607666,,,0.8644000291824341,3.8610999584198,,,,,0.9283000230789185,6.035999774932861,,811.0329962158203,0.9154999852180481,10.853020668029785,,24.200000762939453,94.46000671386719
2019-12-12,26.48200035095215,,,0.8555999994277954,3.6754000186920166,,,,,0.9283000230789185,5.860000133514404,,813.3259954833984,0.7031000256538391,7.853437423706055,,34.20000076293945,94.59355163574219
2020-01-23,27.20400047302246,,,0.8539999723434448,3.727400064468384,,,,,0.9333000183105469,5.947999954223633,,816.7829962158203,0.9814000129699707,6.482492923736572,,24.200000762939453,93.71086883544922
2020-02-27,27.253000259399414,,,0.875,3.592900037765503,,,,,0.9291999936103821,5.932000160217285,,815.623999633789,0.982200026512146,12.849381446838379,,39.20000076293945,93.8939437866211
2020-03-12,26.30900001525879,,,0.8733999729156494,3.896899938583374,,,,,0.9233999848365784,5.8520002365112305,,844.7450018310547,0.7415000200271606,15.8259859085083,,34.5,94.7481918334961
2020-03-26,26.700000762939453,,,0.8521999716758728,3.890000104904175,,,,,0.890500009059906,5.8480000495910645,,845.4579992675781,0.6201000213623047,14.119174003601074,,37.29999923706055,95.2429428100586
2020-04-22,21.445999145507812,6.760000228881836,1.072100043296814,0.8769999742507935,3.771199941635132,,0.21469999849796295,,0.788100004196167,0.9074000120162964,5.857999801635742,7.639900207519531,832.1610021972656,0.680400013923645,14.012090682983398,,,94.48175811767578
2020-05-06,18.832000732421875,,,0.8934000134468079,3.8157999515533447,,,,,0.9359999895095825,5.855999946594238,,825.8080053710937,0.753600001335144,18.289827346801758,,34.0,93.83390045166016
2020-05-21,27.433000564575195,6.800000190734863,1.0914000272750854,0.8937000036239624,3.8891000747680664,,0.21160000562667847,,0.8359000086784363,0.9258000254631042,6.271999835968018,7.856299877166748,835.9749975585937,0.7796000242233276,23.462173461914062,,34.70000076293945,93.88316345214844
2020-06-04,26.608999252319336,6.730000019073486,1.0789999961853027,0.8776999711990356,3.7867000102996826,,0.21330000460147858,,1.1991000175476074,0.9204999804496765,5.872000217437744,8.128000259399414,835.4160070800781,0.6299999952316284,23.105846405029297,,41.0,94.25067138671875
2020-06-17,25.985000610351562,6.690000057220459,1.0886000394821167,0.896399974822998,3.894200086593628,,0.21639999747276306,,0.8317999839782715,0.9218000173568726,5.880000114440918,7.858099937438965,835.5179968261718,0.5781999826431274,25.407882690429688,,42.0,94.16717529296875
2020-07-02,26.472999572753906,,,0.869700014591217,,,,,,,,,842.946005859375,0.883928548012461,30.461132049560547,,,94.3935546875
2020-07-23,23.091999053955078,,,0.867900013923645,3.8454999923706055,,,,,0.9229999780654907,5.932000160217285,,850.8340063476562,0.4410000145435333,28.805763244628906,,42.0,94.27184295654297
2020-08-06,30.06399917602539,6.849999904632568,0.9378499984741211,0.8772999942302704,3.9234999418258667,0.05700000002980232,0.2190999984741211,0.7749999761581421,1.013100028038025,0.7015500068664551,5.721999883651733,7.609349966049194,850.9350042724609,0.9399999976158142,26.931249618530273,,42.0,94.47672271728516
2020-08-20,26.440000534057617,,,0.8671000003814697,3.6988000869750977,,,,,0.9275000095367432,5.883999824523926,,820.5490026855468,0.4641000032424927,27.119625091552734,,42.29999923706055,93.79788970947266
2020-09-03,25.16200065612793,6.800000190734863,0.9561000168323517,0.8578000068664551,3.6174999475479126,0.07080000638961792,0.22254999727010727,0.8149999976158142,1.2526999711990356,0.8733000159263611,5.776000022888184,7.688100099563599,825.7869940185547,0.5899999737739563,27.63999366760254,,42.5,94.88915252685547
2020-10-08,24.125,6.679999828338623,1.0116000175476074,0.8590999841690063,3.8620998859405518,,0.23100000619888306,,0.866100013256073,0.942300021648407,5.9679999351501465,7.782800197601318,846.0560064697265,0.6682000160217285,18.529937744140625,,39.0,95.2697982788086
